====== MRTPSRC LIVE INFO [1540883658.014350 ~ 1540883688.011321] ======
  Frame count
    total         [0]   0,210,0,0, 0,0,0,0
    i             [0]   0,30,0,0, 0,0,0,0
    p             [0]   0,180,0,0, 0,0,0,0
    total         [1]   0,210,0,0, 0,0,0,0
    i             [1]   0,30,0,0, 0,0,0,0
    p             [1]   0,180,0,0, 0,0,0,0
  Frame kbytes
    total         [0]   0,7311,0,0, 0,0,0,0
    i             [0]   0,1853,0,0, 0,0,0,0
    p             [0]   0,5457,0,0, 0,0,0,0
    total         [1]   0,2749,0,0, 0,0,0,0
    i             [1]   0,782,0,0, 0,0,0,0
    p             [1]   0,1967,0,0, 0,0,0,0
  Frame average bytes
    total         [0]   0,35650,0,0, 0,0,0,0
    i             [0]   0,63272,0,0, 0,0,0,0
    p             [0]   0,31047,0,0, 0,0,0,0
    total         [1]   0,13407,0,0, 0,0,0,0
    i             [1]   0,26701,0,0, 0,0,0,0
    p             [1]   0,11191,0,0, 0,0,0,0
  I-Frame max bytes
                  [0]   0,64740,0,0, 0,0,0,0
                  [1]   0,30457,0,0, 0,0,0,0
  P-Frame max bytes
                  [0]   0,43617,0,0, 0,0,0,0
                  [1]   0,16734,0,0, 0,0,0,0
  Short interval
    min[0] (msec)       0,4,0,0, 0,0,0,0
    20 msec under [0]   0,1,0,0, 0,0,0,0
    10 msec under [0]   0,1,0,0, 0,0,0,0
    min[1] (msec)       0,1,0,0, 0,0,0,0
    20 msec under [1]   0,2,0,0, 0,0,0,0
    10 msec under [1]   0,2,0,0, 0,0,0,0
  Long interval
    max[0] (msec)       0,360,0,0, 0,0,0,0
    40 msec over  [0]   0,208,0,0, 0,0,0,0
    70 msec over  [0]   0,207,0,0, 0,0,0,0
    100 msec over [0]   0,207,0,0, 0,0,0,0
    130 msec over [0]   0,142,0,0, 0,0,0,0
    max[1] (msec)       0,400,0,0, 0,0,0,0
    40 msec over  [1]   0,207,0,0, 0,0,0,0
    70 msec over  [1]   0,207,0,0, 0,0,0,0
    100 msec over [1]   0,207,0,0, 0,0,0,0
    130 msec over [1]   0,139,0,0, 0,0,0,0
=======================================================================
