============================= 1541130387.102119 =============================
  live_ch(0) read(0) read_miss(0) read_bytes(0)
  frames(0) i_frames(0) p_frames(0) audio_frames(0)
  handoff_cnt(0) p_frame_dropped(0)
  systime_chg(0) ts_err(0) ts_compensaion(0)
-----------------------------------------------------------------------------
  reconnect
    server_close[0,0,0,0,0,0,0,0,0,0,0,0,0,0,0,0]
    sock_corrupt[0,0,0,0,0,0,0,0,0,0,0,0,0,0,0,0]
    ring_full   [0,0,0,0,0,0,0,0,0,0,0,0,0,0,0,0]
    magic_no_A  [0,0,0,0,0,0,0,0,0,0,0,0,0,0,0,0]
    magic_no_B  [0,0,0,0,0,0,0,0,0,0,0,0,0,0,0,0]
    magic_no_C  [0,0,0,0,0,0,0,0,0,0,0,0,0,0,0,0]
    mem_alloc   [0,0,0,0,0,0,0,0,0,0,0,0,0,0,0,0]
    cmem_alloc  [0,0,0,0,0,0,0,0,0,0,0,0,0,0,0,0]
    vlen_fail   [0,0,0,0,0,0,0,0,0,0,0,0,0,0,0,0]
    systime_chg [0,0,0,0,0,0,0,0,0,0,0,0,0,0,0,0]
    ts_err      [0,0,0,0,0,0,0,0,0,0,0,0,0,0,0,0]
    audio_send  [0,0,0,0,0,0,0,0,0,0,0,0,0,0,0,0]
  reboot
    disconn     [0,0,0,0,0,0,0,0,0,0,0,0,0,0,0,0]
    cont_mem    [0,0,0,0,0,0,0,0,0,0,0,0,0,0,0,0]
    cont_cmem   [0,0,0,0,0,0,0,0,0,0,0,0,0,0,0,0]
  frame drop
    ssrc_1st    [0,0,0,0,0,0,0,0,0,0,0,0,0,0,0,0]
    ssrc_2nd    [0,0,0,0,0,0,0,0,0,0,0,0,0,0,0,0]
    seq_1st     [0,0,0,0,0,0,0,0,0,0,0,0,0,0,0,0]
    seq_2nd     [0,0,0,0,0,0,0,0,0,0,0,0,0,0,0,0]
-----------------------------------------------------------------------------
  timestamp
    0(0.000) 0(0.000) audio(0.000) ho(0.000) abuf(0)
    0(0.000) 0(0.000) audio(0.000) ho(0.000) abuf(0)
    0(0.000) 0(0.000) audio(0.000) ho(0.000) abuf(0)
    0(0.000) 0(0.000) audio(0.000) ho(0.000) abuf(0)
    0(0.000) 0(0.000) audio(0.000) ho(0.000) abuf(0)
    0(0.000) 0(0.000) audio(0.000) ho(0.000) abuf(0)
    0(0.000) 0(0.000) audio(0.000) ho(0.000) abuf(0)
    0(0.000) 0(0.000) audio(0.000) ho(0.000) abuf(0)
    0(0.000) 0(0.000) audio(0.000) ho(0.000) abuf(0)
    0(0.000) 0(0.000) audio(0.000) ho(0.000) abuf(0)
    0(0.000) 0(0.000) audio(0.000) ho(0.000) abuf(0)
    0(0.000) 0(0.000) audio(0.000) ho(0.000) abuf(0)
    0(0.000) 0(0.000) audio(0.000) ho(0.000) abuf(0)
    0(0.000) 0(0.000) audio(0.000) ho(0.000) abuf(0)
    0(0.000) 0(0.000) audio(0.000) ho(0.000) abuf(0)
    0(0.000) 0(0.000) audio(0.000) ho(0.000) abuf(0)
=============================================================================
